00000000000000000000000000000000000000000000000000000000000000000000000000000000000000000000000000000000000000000000000000000000
00000000000000000000000000000111000000000000000000000000000000000000000000000000000011111111111111111111111111111111111111111110
01111111111111111111111111100111011111111111111111111111111111111111111111111111100011111111111111111111111111111111111111111110
01111111111111111111111111100111011111111111111111111111111111111111111111111111100011111111111111111111111111111111111111111110
01111111111111111111111111100111011111111111110000000010111111111111111111111111100111111111111111111111111111111111111111111110
01111111111111111111111111100111000000000000000000000000000000000000000000011111100111111111111111111111111111111111111111111110
01111111111111111111111111000000000000000000000000000000000000000000000000000000000000011111111111111111111111111111111111111110
01111111111111111111111110000000000000000000000000000000000000000000000000000000000000011111111111111111111111111111111111111110
01111111111111111111111100000000000000000000000000000000000000000000000000000000000000011111111111111111111111111111111111111110
01111111111111111111111100000000000000000000000000000000000000000000000000000000000000011111111111111111111111111111111111111110
01111111111111111111111100000000000000000000000000000000000000000000000000000000000000011111111111111111111111111111111111111110
01111111111111111111111100000000000000000000000000000000000000000000000000000000000000011111111111111111111111111111111111111110
01111111111111111111111100000000000000000000000000000000000000000000000000000000000000011111111111111111111111111111111111111110
01111111111111111111111111000000000000000000000000000000000000000000000000001100000111111111111111111111111111111111111111111110
01111111111111111111111111110111011000000000011010001111000100000000000001111101100111111111111111111111111111111111111111111110
01111111111111111111111111110111001111111111111111101111111111111111111111111111100111111111111111111111111111111111111111111110
01111111111111111111111111110110001111111111111111111111111111111111111111111111100111111111111111111111111111111111111111111110
01111111111111111111111111110110001111111111111110011110000001111111111111111111100111111111111111111111111111111111111111111110
01111111111111111111111111100110011111111111111000000000000000001111111111111111100111111111111111111111111111111111111111111110
01111111111111111111111111000110011111111111110000110000110000001111111111111111100111111111111111111111111111111111111111111110
01111111111111111111111111001010001111111111110000110111111111101111111111111111100111111111111111111111111111111111111111111110
01111111111111111111111111100110100111111111111011111111111111110111111111111111100011111111111111111111111111111111111111111110
01111111111111111111111111111011100111111111110001111100011110000011111111111111100011111111111111111111111111111111111111111110
01111111111111111111111111110000100011111111110000000000011100001111111111111111100011111111111111111111111111111111111111111110
01111111111111111111111111111010100111111111111011111001011001111111111111111111111001111111111111111111111111111111111111111110
01111111100111111101111111111111100111111111111111111011100001111111111111111111111100111111111111111111111111111111111111111110
01111110000011111000001111111111111111111111111111111111110111111111111111111111111110011111111111111111111111111111111111111110
01111100000001111001101111111111111111111111111111111111111111111111111111111111111111001111111111111111111111111111111111111110
00000010000000000001110001111111111100000001111111111111111111111111111111111111111111100111111111111111111111111111111111111110
01111100000000111111111101111111111000111000011111111111111111111111111111111111111111110011110011111111111111111111111111111110
01111000000001111111011001111111111000000011001111111111111111111111111111111111111111111001000001111111111111111111111111111110
01111000000001000011111000111111111000000010100111111111111111111111111111111111111111111100000000111111111111111111111111111110
00000000000010000000111111111111111111111101001011111111111111111111111111111111111111111100000000011111111111111111111111111110
01110000000000110001001100111111111111111110001001111111111111111111111111111111111111110000000000011111111111111111111111111110
01110000000000111111010001111111111111111111001001111111111111111111111111111111111111110000000000011111111111111111111111111110
01110000000000111111111001111111111111111111101000111111111111111111111111111111111111000000000000111111111111111111111111111110
01110000000000111111111111101111111111111111110100111111111111111111111111111111111110000000000001111111111111111111111111111110
01110000000000111111111111100001111111111111110000111111111111111111111111111111111100000000000000111111111111111111111111111110
01110000000000111111111111000001111111111111110000111111111111111111111111111111111000000000000110011111111111111111111111111110
01110000000000111111111111000001111111111111110000111111111111111111111111111111100000000000000111001111111111111111111111111110
01110000000000111111111111100001111111111111110000111111111111111111111111111111000000000000000111100111111111111111111111111110
01110000000000111111111111101101111111111111110101111111111111111111111111111110000000000000000111110011111111111110000000111110
01110000000000111111111111100100111111111111111111111111111111111111111111111100000000000000001111111001111111111110000000111110
01110000000000111111111111100110111111111111111111111111111111111111111111111000000000000000011111111100111111111110000000111110
01110000000000111111111111100111011111111111111111111111111111111111111111111000000000000001111111111110000111111110000000111110
01110000000000111111111111111010100111111111111111111111111111111111111111110000000000000011111111111111000000000000000000000000
01110000000000111111111111111001011000011111111110011111111111111111111111110000000000000111111111111111100000000000000000000000
01110000000000111111111111111000000010000111111100000111111111111111111111100000000000001111111111111111101111111110000000011110
01110000000000111111111111111101000000000111111000000011111111111111111111000000000000011111111111111111111111111110000000011110
01110000000000111111111111111111111000001111110000000001111111111111111110000000000000111111111111111111111111111110000000111110
01110000000000111111111111111111111111101111100000000000000000000000000000000000000011111111111111111111111111111100000000011110
01110000000000111111111111111111111111111111100000000000111111111111111100000000010111111111111111111111111111111100000000011110
01110000000000111111111111111111111111111111100000000000011111111111110000000000111111111111111111111111111111111100000000011110
01110000000000111111111111111111111111111111110000000000001111111111110000000001111111111111111111111111111111111100000000001110
01110000000000111111111111111111111111111111111110000000001111111111100000000001111111111111111111111111111111111100000000001110
01110000000000111111111111111111111111111111111110000000011111111111111000000001111111111111111111111111111111111100000000001110
01110000000000111111111111111111111111111111111110100000111111111111111100001001111111111111111111111111111111111000000000001110
01110000000000111111111111111111111111111111111110100001111111111111111110011001111111111111111111111111111111111000000000001110
01110000000000111111111111111111111111111111111110111011111111111111111111111001111111111111111111111111111111111100000000001110
01110000000000111111111111111111111111111111111110111111111111111111111111111001111111111111111111111111111111111100000000001110
01110000000000111111111111111111111111111111111110111111111111111111111111111001111111111111111111111111111111111100000000001110
01110000000000111111111111111111111111111111111110111111111111111111111111111001111111111111111111111111111111111100000000001110
01110000000000111111111111111111111111111111111110111111111111111111111111111001111111111111111111111111111111111000000000001110
01110000000000111111111111111111111111111111111110111111111111111111111111111001111111111111111111111111110111111000000000001110
01110000000000111111111111111111111111111111111110111111111111111111111111111001111111111111111111111111100000111000000000001110
01110000000000111111111111111111111111111111111110111111111111111111111111111001111111111111111111111111100110111000000000001110
01110000000000111111111111111111111111111111111110111111111111111111111111111001111111111111111111111111001100111000000000011110
01110000000000111111111111111111111111111111111110111111111111111111111111111001111111111111111111111110001100011000000000011110
01110000000000111111111111111111111111111111111110111111111111111111111111111001111111111111111111111110111101011000000000001110
01110000000000111111111111111111111111111111111110111111111111111111111111111001111111111111111111111100111100011000000000011110
01110000000000111111111111111111111111111111111110111011111111111111111110011001111111111111111111111101111110011000000000011110
01110000000000111111111111111111111111111111111110100001111111111111111100000001111111111111111111111110001111011000000000011110
01110000000000111111111111111111111111111111111110000000111111111111111000000001111111111111111111111111001110011000000000011110
01110000000000111111111111111111111111111111111110000000011111111111110000000001111111111111111111111111001100011000000000011110
01110000000000111111111111111111111111111111111100000000001111111111100000000000111111111111111111111110001100111000000000011110
01110000000000111111111111111111111111111111110000000000001111111111110000000000011111111111111111111110011100111000000000011110
01110000000001111111111111111111111111111111000000000000011111111111110000000000011111111111111111111111111100111000000000011110
01110000000001111111111111111111111111111110000000000000111111111111110000000000001111111111111111111111001110011000000000011110
01111000000001111111111111111111111111111100000000000000000000000000000000000000001111110000011111111111011110001000000000011110
01111000000001111111111111111111111111111000000000000001111111111111111110000000011111000000000111111111001110111000000000011110
01111000000001111111111111111111111111110000000000000111111111111111111111000000111111100001100011111111000000111000000000011110
01111000000001111111111111111111111111100000000000001111111111111111111111100001111111000000111111111111000000111000000000011110
00000000000000000000001111111111111111000000000000001111111111111111111111110011111111111000010100111111111111111100000000011110
01111000000001111111110011111111111110000000000000011111111111111111111111110111111111111111100000011111111111111000000000011110
01111000000001111111111001111111111100000000000000111111111111111111111111111111111111111111110100011111111111111000000000011110
01111000000001111111111100111111111000000000000001111111111111111111111111111111111111111111111011001111111111111000000000011110
01111000000001111111111110011111111000000000000011111111111111111111111111111111111111111111111110001111111111111000000000011110
01111100000011111111111111011111110000000000000111111111111111111111111111111111011111111111111100101111111111111000000000011110
01111111111111111111111111100111110000000000001111111111111111111111111111111101011111111111111110101111111111111000000000011110
01111111111111111111111111110011100000000000011111111111111111111111111111111100001111111111111100101111111111111000000000011110
01111111111111111111111111111001000000000000111111111111111111111111111111111100101111111111111110001111111111111000000000011110
01111111111111111111111111111000000000000001111111111111111111111111111111111100001111111111111100001111111111111000000000011110
01111111111111111111111111111000000000000011111111111111111111111111111111111100001111111111111100001111111111111000000000011110
01111111111111111111111111111000000000000111111111111111111111111111111111111100000111111111111111111111000111111000000000011110
01111111111111111111111111110000000000011111111111111111111111111111111111111110010111111111111111111110000011110000000000011110
01111111111111111111111111110000000000111111111111111111111111111111111111111111001011111111111111111110111001000000000000000000
01111111111111111111111111110000000000111111111111111111111111111111111111111111010100111111111111111110011000001000000000011110
01111111111111111111111111110000000001111111111111111111111111111111111111111111000110010101111111111110011011101100000000111110
01111111111111111111111111111000000100111111111111111111111111111111111111111111000111000001111111111111001111111100000000111110
01111111111111111111111111111110001101001111111111111111111111111111111111111111101000000001111111111111000111000000000000001110
01111111111111111111111111111110111111100111111111111111111111111111111111111111111100000001111111111111111000000000000001000000
01111111111111111111111111111111111111110011111111111111111111111111111111111111111101100000111111111111111000111111000011111110
01111111111111111111111111111111111111111011111111111111111111111111111111111111111111111111111101111111111111111111011111111110
01111111111111111111111111111111111111111100111111111111111111111111111111111111111111111111110000001111111111111111111111111110
01111111111111111111111111111111111111111110011111111111111111111111111111111111111111111111100110001111111111111111111111111110
01111111111111111111111111111111111111111111011111111111111111111111111111111111111111111111101111101111111111111111111111111110
01111111111111111111111111111111111111111111101111111111111111111111111111111111111111111111110111110001111111111111111111111110
01111111111111111111111111111111111111111111101111111111111111111111111111111111111111111111111111101001111111111111111111111110
01111111111111111111111111111111111111111111101111111111111111111111111111111111111111111111111011111101111111111111111111111110
01111111111111111111111111111111111111111111101111111111111111111111111111111111111111111111110001111101111111111111111111111110
01111111111111111111111111111111111111111111101111111111111111111111111111111111111111111111110001100001111111111111111111111110
01111111111111111111111111111111111111111111101111111111111111111111111111111111111111111111110001100111111111111111111111111110
01111111111111111111111111111111111111111111101111111111111111111111111111111111111111111111110001100111111111111111111111111110
01111111111111111111111111111111111111111111101111111111111111111111111111111111111111111111111001100111111111111111111111111110
01111111111111111111111111111111111111111111101111100000000000000000000000000000000000000000000001101111111111111111111111111110
01111111111111111111111111111111111111111111000001000000000000000000000000000000000000000000000000100111111111111111111111111110
01111111111111111111111111111111111111110000000000000000000000000000000000000000000000000000000000000011111111111111111111111110
01111111111111111111111111111111111111110000000000000000000000000000000000000000000000000000000000000001111111111111111111111110
01111111111111111111111111111111111111110000000000000000000000000000000000000000000000000000000000000001111111111111111111111110
01111111111111111111111111111111111111110000000000000000000000000000000000000000000000000000000000000001111111111111111111111110
01111111111111111111111111111111111111110000000000000000000000000000000000000000000000000000000000000011111111111111111111111110
01111111111111111111111111111111111111110000000000000000000000000000000000000000000000000000000001010011111111111111111111111110
01111111111111111111111111111111111111110000000000000000000000000000000000000000000000000000000000001111111111111111111111111110
01111111111111111111111111111111111111111111100011111100000000000000000000000000000000000000000011100111111111111111111111111110
01111111111111111111111111111111111111111111101111111111111111111111111111111111111111111111111011100111111111111111111111111110
01111111111111111111111111111111111111111111101111111111111111111111111111111111111111111111111001100111111111111111111111111110
01111111111111111111111111111111111111111111101111111111111111111111111111111111111111111111111011100111111111111111111111111110
01111111111111111111111111111111111111111111100111111111111111111111111111111111111111111111111001100111111111111111111111111110